# Created by Octave 3.2.4, Wed Apr 18 11:35:29 2012 JST <inagawa@inagawa-virtual-machine>
# name: Re
# type: matrix
# rows: 1
# columns: 94
 8391.617863664829 11151.610900702 14238.85034956179 17624.32995240022 21277.7086643352 25167.88506083544 29263.53584631023 33533.60464136769 37947.73127480663 42476.61577250427 47092.31486009998 51768.47189995425 56480.48366495479 61205.60918285025 65923.02709203075 70613.84860015275 75261.09332158229 79849.63508879619 84366.12438577517 88798.89342826916 93137.84919345418 97374.35894155907 101501.132021003 105512.1010391 109402.304833347 113167.7751051033 116805.4280822778 120312.9621594398 123688.7621180891 126931.8102500771 130041.6044857222 133018.0834570692 135861.5582982773 138572.6508920552 141152.2382069228 143601.4023291305 145921.3857704001 148113.5516241067 150179.3481446152 152120.2773343839 153937.8671388194 155633.6468678671 157209.1254844688 158665.7724221653 160005.0006163649 161228.1514554603 162336.4813785228 163331.1498653443 164213.2085818266 164983.5914588933 165643.1054960348 166192.4220911031 166632.0687058909 166962.420682144 167183.6930247649 167295.9319677494 167299.0061335042 167192.597087137 166976.1890734486 166649.0577048879 166210.2573425656 165658.6068781708 164992.6735804579 164210.7546134563 163310.8557615122 162290.6668044725 161147.5328690916 159878.4209324509 158479.8804594281 156947.9969047836 155278.3364814109 153465.8801619411 151504.944301603 149389.0844890434 147110.9781652459 144662.2800747354 142033.4425402065 139213.489591954 136189.7296805987 132947.3853191487 129469.1083186833 125734.3342207876 121718.4054230239 117391.3526328204 112716.1558569115 107646.1834140911 102121.2756906093 96061.47452207207 89356.38827776372 81845.7662006538 73280.29291932739 63230.32823214091 50819.68003833962 33516.95018485127
