# Created by Octave 3.2.4, Thu May 17 18:55:07 2012 JST <inagawa@inagawa-virtual-machine>
# name: Re
# type: matrix
# rows: 1
# columns: 94
 9804.516432056482 13029.19942308107 16636.2200962629 20591.68686175337 24860.14881630946 29405.26693546648 34190.44330187854 39179.39221866904 44336.64178867036 49627.9591757912 55020.69700089281 60484.06195137399 65989.30958394776 71509.87143943219 77021.42199852964 82501.8937670233 87931.44899382889 93292.41631337588 98569.20008076011 103748.1694394557 108817.5333169071 113767.2066550556 118588.6723050944 123274.842186638 127819.9205554183 132219.271553887 136469.2926405596 140567.2950053997 144511.3916747441 148300.3936825273 151933.7144259334 155411.2821238064 158733.4601461431 161900.9748743452 164914.8506770378 167776.3515384787 170486.9288501501 173048.1748661791 175461.7813257092 177729.5027569336 179853.1239954761 181834.4314720146 183675.1878487545 185377.1096102385 186941.8472399654 188370.9676395985 189665.9384715458 190828.1141279369 191858.723049148 192758.8561327513 193529.4559888736 194171.3068102186 194685.0246342534 195071.0477810342 195329.6272525998 195460.8168784437 195464.4629858508 195340.1933633013 195087.4052689451 194705.2522134053 194192.6292155892 193548.1561901754 192770.1590738193 191856.6482310961 190805.2935970211 189613.3959057354 188277.8532179743 186795.1217843426 185161.1700550476 183371.4243529272 181420.704342204 179303.1459178943 177012.1084639999 174540.0625158689 171878.4526159887 169017.528428019 165946.1347517981 162651.4476239821 159118.6386616399 155330.4423490981 151266.5896565286 146903.0537818543 142211.0256419952 137155.4901674496 131693.1945051353 125769.6558535888 119314.5858648496 112234.5642822541 104400.6134923807 95625.50229294336 85617.93963423166 73875.94952660243 59375.821106919 39159.96159630585
